962382061602238515
855287897736609844
694023231614484490
885458946280796191
803541372938092544
884026160504266823
280497242714931202
958596046894792724
875251057272426506
963654339778473984
862164598093381632
867982481838735391
913772152350736404
892403586972147713
938047890096537680
844342222568423475
242730576195354624
917011503662641162
860422905964134402
159985870458322944
750121104403857417
762981000367308810
693520703894323201
831445502440505355
934059110331191296
743292394237329440
771800503146905621
892302621447192616
942970179606954126
270904126974590976
931372729033170974
860964984052908042
979702544471318548
916972585185607720
773793082680147968
880728846964502548
961643519649411152
885477762524147722
848497143500374026
898864042880417794
978943131380752434
890254537842130985
893512932309213265
952189488489172995
871009691747094528
469610550159212554
863820303637282846
924983377562574888
822157918903992396
437808476106784770
877382028209836052
709810845323886673
770897863739441172
696161886734909481
852782781788323882
966955874436403220
794582071380672562
734731458849013761
635610722994356275
866983527489077268
829077348389224458
858984728282529822
903279487972675585
298827078013288450
904557089567965226
872800788899041291
875723779660218378
902905972689883166
839778173276127250
832828945903648779
692045914436796436
836241893834358874
806429710066122752
955087005514080276
797285037200375892
745523895804756090
493716749342998541
866656036672897044
926214224831713390
898789385502339143
860794683332362250
942074400214253618
785367883122868294
545513823986253844
768907992124227604
523001111846715414
868159243927293953
954238201017548810
799480885526659112
840185473351548960
795063486988156958
920990008721162240
911540839455522827
902105516866699284
950558937281859594
874910942490677270
916705861248884767
844923822344110091
757906594292826112
928319085090074644
365982832855875584
907957838763139103
549303021960691713
946585267517681734
678344256519143465
761086450372182036
864446243852910612
946722706848632874
789188119743299615
798805860872093697
899199555738959932
651095740390834176
790079473625595914
517902533566529546
155149108183695360
904244203754774588
914439007583207484
875329379478143006
739735540483752006
438959507389808641
958264515072516147
780448969863856158
902770758038749274
894459806235099136
996791362433327175
868850245885382697
953342761669648454
951334707507908638
859655093121056770
951428656239095828
563434444321587202
738247111782432810
940182067596107838
932899217133928479
369208607126061057
980118566617632828
847803972022829077
948223145326821447
555315707173142529
534074921488351234
784803399853670400
826729275636842508
954380370084778044
885335314095292477
972072514836660265
829706609487249480
867933999127998464
240254129333731328
458276816071950337
788943118052884521
1006424137536901141
819484182795386920
985784760272056380
916974366284206170
920720067434541137
294882584201003009
908271947744444447
733565538114076683
837653652268122133
843533603845439509
954066226953457805
838794770465030145
931129755154124860
933772094553071656
954745506016399440
785467238886014976
939727433819643965
339254240012664832
950763693153611786
765264564958003230
1004579749869387907
996550105974980698
863296760067391508
964080781909700608
908676586159603722
700743797977514004
934333703935651900
903285191060099142
669228505128501258
936464287457767446
840459574036267015
853178137080758313
727032666230358097
720351927581278219
968753151823994920
961075391005589575
922707446022156299
833253742094450688
903775451841986580
782528026599620619
673070967659954207
586713582499004427
559426966151757824
716390085896962058
934084354416730172
904680338205343775
949924846178029599
929364020824248320
978007740796514476
972120464279351316
925706961461346304
247283454440374274
899030888959074315
899899858981371935
948495314564833311
907584754801594368
913623883796598795
776464219155333152
928208725041348649
640574688107560961
978379824873762866
950840786558275584
837221326024474645
696400243708919828
944946902242295838
930014639385882635
884996737465450528
282859044593598464
952530745161830460
920164809159376926
766503213817528370
356065937318871041
922211582325444751
864194652558065704
968441084843806740
962266039998103562
536991182035746816
948803590951153695
930048871298637895
931495762460803122
824119071556763668
917061398553567272
757194499767271447
869492123139981312
819853622086598666
416358583220043796
873934253468024852
905992128658808902
768000855944200202
939192789403566172
408785106942164992
949510841626136627
729575913208938547
884015944408629279
956859939316445245
